Accuracy: 0.7492759918911092
F1_score: 0.7643095351527939
Precision: 0.738427143608627
Recall: 0.7920722245732825
