Mse: 0.1722688869182968
R2: 0.3104402566240049
Accuracy: 0.7494207935128874
F1_score: 0.7615570099896659
Precision: 0.7442768650686776
Recall: 0.7796586260403442
